# copy-pasted from Journal pdf http://adsabs.harvard.edu/abs/2003AJ....125..166K
# (had to be hand-aligned due to copy-paste errors)
# JD-2,450,000            t      DB     DV     Telescope
2171.85 ................. -10.65 -0.027 -0.007 1
2174.81 .................  -7.69 -0.027 -0.001 1
2177.84 .................  -4.66 -0.027 +0.005 1
2178.82 .................  -3.68 -0.038 +0.004 2
2179.81 .................  -2.69 -0.038 +0.005 2
2183.84 .................   1.34 -0.027 +0.018 1
2183.86 .................   1.36 -0.036 +0.005 2
2184.88 .................   2.38 -0.035 +0.004 2
2186.80 .................   4.30 -0.027 +0.020 1
2189.78 .................   7.28 -0.012 +0.001 3
2189.83 .................   7.33 -0.027 +0.023 1
2190.79 .................   8.29 -0.011  0.000 3
2191.79 .................   9.29 -0.010 -0.001 3
2192.72 .................  10.22 -0.008  0.000 3
2192.83 .................  10.33 -0.026 +0.026 1
2193.78 .................  11.28 -0.007 +0.001 3
2194.78 .................  12.28 -0.006 +0.002 3
2195.75 .................  13.25 -0.024 +0.028 1
2195.84 .................  13.34 -0.004 +0.004 3
2197.71 .................  15.21 -0.002 +0.005 3
2198.71 .................  16.21  0.000 +0.007 3
2198.80 .................  16.30 -0.022 +0.030 1
2201.81 .................  19.31 -0.023 +0.033 1
2204.78 .................  22.28 -0.039 +0.034 1
2207.77 .................  25.27 -0.051 +0.035 1
2210.82 .................  28.32 -0.065 +0.037 1
2213.68 .................  31.18 -0.069 +0.038 1
2216.73 .................  34.23 -0.068 +0.040 1
2222.75 .................  40.25 -0.066 +0.040 1
2225.72 .................  43.22 -0.063 +0.038 1
2228.73 .................  46.23 -0.060 +0.034 1
2231.71 .................  49.21 -0.058 +0.030 1
2234.73 .................  52.23 -0.054 +0.027 1
2237.73 .................  55.23 -0.050 +0.026 1
2240.73 .................  58.23 -0.044 +0.026 1
2243.71 .................  61.21 -0.040 +0.026 1
2246.78 .................  64.28 -0.034 +0.027 1
