# copy-pasted from Journal PDF http://adsabs.harvard.edu/abs/2000ApJ...539..658K
# JD-2451000     Obs V              B-V           V-R           V-I
336.6966 ....... APO 14.215 (0.007) 1.069 (0.011) 0.630 (0.012) 0.996 (0.014)
337.7858 ....... APO 14.138 (0.014) 1.072 (0.020) 0.560 (0.023) 0.873 (0.025)
339.7589 ....... MRO 13.932 (0.008) 1.157 (0.023) 0.600 (0.016) 0.919 (0.019)
340.6926 ....... APO 13.902 (0.006) 1.127 (0.009) 0.511 (0.009) 0.772 (0.010)
363.7404 ....... MRO 14.604 (0.010) 2.184 (0.071) 0.780 (0.015) 1.455 (0.016)
365.7448 ....... MRO 14.727 (0.008) 2.027 (0.037) 0.828 (0.015) 1.566 (0.017)
367.7305 ....... MRO 14.768 (0.018) 2.033 (0.177) 0.784 (0.025) 1.647 (0.024)
368.7221 ....... MRO 14.936 (0.023) 2.029 (0.105) 0.934 (0.033) 1.717 (0.032)
