# copy-pasted from Journal PDF http://adsabs.harvard.edu/abs/2000ApJ...539..658K
# JD-2451000     Obs V              B-V            V-R            V-I
228.5901 .......     14.980 (0.004) -0.014 (0.005) -0.057 (0.004) -0.261 (0.004)
234.6081 .......     14.857 (0.004)  0.077 (0.006) -0.042 (0.006) -0.442 (0.005)
238.5953 .......     14.925 (0.005)  0.119 (0.007) -0.062 (0.005) -0.545 (0.006)
240.6058 .......     14.978 (0.004)  0.149 (0.006) -0.072 (0.007) -0.542 (0.006)
244.6252 .......     15.189 (0.004)  0.211 (0.004) -0.133 (0.004) -0.574 (0.004)
249.5977 .......     15.502 (0.004)  0.420 (0.004) -0.115 (0.004) -0.383 (0.004)
252.6033 .......     15.650 (0.004)  0.620 (0.004) -0.020 (0.005) -0.180 (0.004)
257.6257 .......     15.878 (0.003)  0.912 (0.004)                 0.156 (0.004)
263.6145 .......     16.151 (0.006)  1.184 (0.014)  0.312 (0.008)  0.472 (0.013)
265.6119 .......     16.269 (0.005)  1.150 (0.010)  0.343 (0.005)  0.571 (0.006)
274.7846 .......     16.767 (0.011)  1.044 (0.086)                 0.533 (0.013)
275.6135 .......     16.796 (0.004)  1.057 (0.006)  0.288 (0.006)  0.525 (0.004)
279.6524 .......     16.934 (0.004)  0.997 (0.005)  0.265 (0.004)  0.463 (0.005)
318.6274 .......     17.900 (0.014)  0.530 (0.020)  0.004 (0.021) -0.187 (0.037)
322.6412 .......     18.050 (0.044)  0.640 (0.053)  0.052 (0.067) -0.264 (0.060)
